0.0000E+000	5.3985E-001	0.0000E+000	5.4039E-001	0.0000E+000	5.3942E-001
2.0000E-001	7.2038E-001	2.0000E-001	7.1805E-001	2.0000E-001	7.2251E-001
2.0000E-001	7.2016E-001	2.0000E-001	7.1816E-001	2.0000E-001	7.2182E-001
4.0000E-001	8.0720E-001	4.0000E-001	8.0306E-001	4.0000E-001	8.0707E-001
4.0000E-001	8.0923E-001	4.0000E-001	8.0971E-001	4.0000E-001	8.0771E-001
6.0000E-001	8.6056E-001	6.0000E-001	8.6391E-001	6.0000E-001	8.6228E-001
6.0000E-001	8.6626E-001	6.0000E-001	8.6391E-001	6.0000E-001	8.6342E-001
8.0000E-001	8.9991E-001	8.0000E-001	9.0089E-001	8.0000E-001	8.9837E-001
8.0000E-001	9.0206E-001	8.0000E-001	9.0237E-001	8.0000E-001	9.0362E-001
1.0000E+000	9.2552E-001	1.0000E+000	9.2453E-001	1.0000E+000	9.2407E-001
1.0000E+000	9.2909E-001	1.0000E+000	9.2722E-001	1.0000E+000	9.2578E-001
1.2000E+000	9.3830E-001	1.2000E+000	9.4245E-001	1.2000E+000	9.4383E-001
1.2000E+000	9.4448E-001	1.2000E+000	9.4361E-001	1.2000E+000	9.4621E-001
1.4000E+000	9.5627E-001	1.4000E+000	9.6274E-001	1.4000E+000	9.5715E-001
1.4000E+000	9.5708E-001	1.4000E+000	9.5828E-001	1.4000E+000	9.5470E-001
1.6000E+000	9.6641E-001	1.6000E+000	9.6967E-001	1.6000E+000	9.6673E-001
1.6000E+000	9.6905E-001	1.6000E+000	9.6640E-001	1.6000E+000	9.6578E-001
1.8000E+000	9.7932E-001	1.8000E+000	9.7804E-001	1.8000E+000	9.7653E-001
1.8000E+000	9.7870E-001	1.8000E+000	9.7721E-001	1.8000E+000	9.7829E-001
2.0000E+000	9.8308E-001	2.0000E+000	9.8011E-001	2.0000E+000	9.8334E-001
2.0000E+000	9.8395E-001	2.0000E+000	9.7951E-001	2.0000E+000	9.8493E-001
2.2000E+000	9.8308E-001	2.2000E+000	9.8624E-001	2.2000E+000	9.8567E-001
2.2000E+000	9.8627E-001	2.2000E+000	9.8413E-001	2.2000E+000	9.8802E-001
2.4000E+000	9.8700E-001	2.4000E+000	9.8894E-001	2.4000E+000	9.8849E-001
2.4000E+000	9.8954E-001	2.4000E+000	9.8916E-001	2.4000E+000	9.8784E-001
2.6000E+000	9.9256E-001	2.6000E+000	9.9000E-001	2.6000E+000	9.9151E-001
2.6000E+000	9.9276E-001	2.6000E+000	9.9184E-001	2.6000E+000	9.9013E-001
2.8000E+000	9.8951E-001	2.8000E+000	9.9683E-001	2.8000E+000	9.9419E-001
2.8000E+000	9.9092E-001	2.8000E+000	9.9209E-001	2.8000E+000	9.9173E-001
3.0000E+000	9.9341E-001	3.0000E+000	9.9175E-001	3.0000E+000	9.9526E-001
3.0000E+000	9.9495E-001	3.0000E+000	9.9603E-001	3.0000E+000	9.9626E-001
3.2000E+000	9.9442E-001	3.2000E+000	9.9654E-001	3.2000E+000	9.9386E-001
3.2000E+000	9.9612E-001	3.2000E+000	9.9246E-001	3.2000E+000	9.9489E-001
3.4000E+000	9.9698E-001	3.4000E+000	9.9693E-001	3.4000E+000	9.9579E-001
3.4000E+000	9.9988E-001	3.4000E+000	9.9707E-001	3.4000E+000	9.9535E-001
3.6000E+000	9.9768E-001	3.6000E+000	1.0015E+000	3.6000E+000	1.0017E+000
3.6000E+000	9.9841E-001	3.6000E+000	9.9745E-001	3.6000E+000	9.9940E-001
3.8000E+000	9.9681E-001	3.8000E+000	9.9561E-001	3.8000E+000	9.9653E-001
3.8000E+000	9.9551E-001	3.8000E+000	9.9667E-001	3.8000E+000	9.9925E-001
4.0000E+000	9.9800E-001	4.0000E+000	9.9698E-001	4.0000E+000	9.9793E-001
4.0000E+000	1.0018E+000	4.0000E+000	9.9928E-001	4.0000E+000	9.9982E-001
4.2000E+000	9.9547E-001	4.2000E+000	9.9815E-001	4.2000E+000	9.9836E-001
4.2000E+000	9.9667E-001	4.2000E+000	1.0002E+000	4.2000E+000	9.9485E-001
4.4000E+000	1.0012E+000	4.4000E+000	9.9951E-001	4.4000E+000	9.9885E-001
4.4000E+000	9.9653E-001	4.4000E+000	9.9865E-001	4.4000E+000	9.9657E-001
4.6000E+000	9.9906E-001	4.6000E+000	9.9906E-001	4.6000E+000	1.0007E+000
4.6000E+000	9.9887E-001	4.6000E+000	9.9819E-001	4.6000E+000	9.9529E-001
4.8000E+000	9.9968E-001	4.8000E+000	1.0000E+000	4.8000E+000	1.0013E+000
4.8000E+000	9.9909E-001	4.8000E+000	9.9979E-001	4.8000E+000	1.0043E+000
5.0000E+000	1.0013E+000	5.0000E+000	1.0038E+000	5.0000E+000	9.9611E-001
5.0000E+000	9.9929E-001	5.0000E+000	9.9858E-001	5.0000E+000	9.9920E-001
5.2000E+000	1.0021E+000	5.2000E+000	1.0022E+000	5.2000E+000	9.9733E-001
5.2000E+000	1.0030E+000	5.2000E+000	9.9868E-001	5.2000E+000	9.9789E-001
5.4000E+000	9.9611E-001	5.4000E+000	1.0004E+000	5.4000E+000	9.9727E-001
5.4000E+000	9.9545E-001	5.4000E+000	9.9846E-001	5.4000E+000	1.0007E+000
5.6000E+000	1.0005E+000	5.6000E+000	9.9541E-001	5.6000E+000	9.9908E-001
5.6000E+000	9.9954E-001	5.6000E+000	9.9870E-001	5.6000E+000	1.0001E+000
5.8000E+000	1.0001E+000	5.8000E+000	9.9516E-001	5.8000E+000	9.9807E-001
5.8000E+000	9.9804E-001	5.8000E+000	9.9800E-001	5.8000E+000	9.9717E-001
6.0000E+000	9.9804E-001	6.0000E+000	1.0026E+000	6.0000E+000	9.9957E-001
6.0000E+000	9.9517E-001	6.0000E+000	1.0005E+000	6.0000E+000	9.9970E-001
6.2000E+000	9.9789E-001	6.2000E+000	9.9775E-001	6.2000E+000	9.9625E-001
6.2000E+000	9.9839E-001	6.2000E+000	9.9772E-001	6.2000E+000	9.9850E-001
6.4000E+000	9.9706E-001	6.4000E+000	9.9750E-001	6.4000E+000	9.9851E-001
6.4000E+000	9.9689E-001	6.4000E+000	9.9661E-001	6.4000E+000	9.9930E-001
6.6000E+000	9.9728E-001	6.6000E+000	9.9748E-001	6.6000E+000	9.9766E-001
6.6000E+000	9.9781E-001	6.6000E+000	9.9693E-001	6.6000E+000	9.9562E-001
6.8000E+000	9.9232E-001	6.8000E+000	9.9558E-001	6.8000E+000	9.9347E-001
6.8000E+000	9.9446E-001	6.8000E+000	9.9566E-001	6.8000E+000	9.9355E-001
7.0000E+000	9.9743E-001	7.0000E+000	9.9160E-001	7.0000E+000	9.9688E-001
7.0000E+000	9.9656E-001	7.0000E+000	9.9087E-001	7.0000E+000	9.9320E-001
7.2000E+000	9.9443E-001	7.2000E+000	9.9399E-001	7.2000E+000	9.9267E-001
7.2000E+000	9.9476E-001	7.2000E+000	9.9110E-001	7.2000E+000	9.9191E-001
7.4000E+000	9.9077E-001	7.4000E+000	9.9551E-001	7.4000E+000	9.9376E-001
7.4000E+000	9.8888E-001	7.4000E+000	9.9553E-001	7.4000E+000	9.9365E-001
7.6000E+000	9.8899E-001	7.6000E+000	9.8844E-001	7.6000E+000	9.8930E-001
7.6000E+000	9.8765E-001	7.6000E+000	9.8622E-001	7.6000E+000	9.8669E-001
7.8000E+000	9.8703E-001	7.8000E+000	9.8447E-001	7.8000E+000	9.8345E-001
7.8000E+000	9.8305E-001	7.8000E+000	9.8525E-001	7.8000E+000	9.8435E-001
8.0000E+000	9.8238E-001	8.0000E+000	9.8219E-001	8.0000E+000	9.8181E-001
8.0000E+000	9.8222E-001	8.0000E+000	9.7971E-001	8.0000E+000	9.7957E-001
8.2000E+000	9.7530E-001	8.2000E+000	9.7398E-001	8.2000E+000	9.7557E-001
8.2000E+000	9.7390E-001	8.2000E+000	9.7209E-001	8.2000E+000	9.7440E-001
8.4000E+000	9.6670E-001	8.4000E+000	9.6878E-001	8.4000E+000	9.6747E-001
8.4000E+000	9.6819E-001	8.4000E+000	9.6605E-001	8.4000E+000	9.6883E-001
8.6000E+000	9.5863E-001	8.6000E+000	9.6025E-001	8.6000E+000	9.5771E-001
8.6000E+000	9.5891E-001	8.6000E+000	9.6173E-001	8.6000E+000	9.5863E-001
8.8000E+000	9.4568E-001	8.8000E+000	9.4510E-001	8.8000E+000	9.4633E-001
8.8000E+000	9.4651E-001	8.8000E+000	9.4444E-001	8.8000E+000	9.4469E-001
9.0000E+000	9.2775E-001	9.0000E+000	9.2887E-001	9.0000E+000	9.3210E-001
9.0000E+000	9.2517E-001	9.0000E+000	9.2723E-001	9.0000E+000	9.2903E-001
9.2000E+000	8.9853E-001	9.2000E+000	9.0223E-001	9.2000E+000	9.0102E-001
9.2000E+000	8.9878E-001	9.2000E+000	8.9695E-001	9.2000E+000	9.0090E-001
9.4000E+000	8.6335E-001	9.4000E+000	8.6377E-001	9.4000E+000	8.6255E-001
9.4000E+000	8.6315E-001	9.4000E+000	8.6204E-001	9.4000E+000	8.6099E-001
9.6000E+000	8.0890E-001	9.6000E+000	8.1165E-001	9.6000E+000	8.0950E-001
9.6000E+000	8.0467E-001	9.6000E+000	8.0882E-001	9.6000E+000	8.0586E-001
9.8000E+000	7.2159E-001	9.8000E+000	7.2190E-001	9.8000E+000	7.2036E-001
9.8000E+000	7.1871E-001	9.8000E+000	7.1865E-001	9.8000E+000	7.2225E-001
1.0000E+001	5.3864E-001	1.0000E+001	5.3951E-001	1.0000E+001	5.3993E-001

